{'loss': [1.852777361869812, 1.5424649715423584, 1.4029324054718018, 1.2711061239242554, 1.1865135431289673, 1.1220579147338867, 1.0537785291671753, 1.0140047073364258, 0.9738020300865173, 0.9454383850097656, 0.9147840738296509, 0.8971672654151917, 0.879723846912384, 0.8534825444221497, 0.8455522656440735, 0.8210126161575317, 0.8128833174705505, 0.7904029488563538, 0.7036401033401489, 0.6831647753715515, 0.6641920208930969, 0.6597182154655457, 0.6480773687362671, 0.6461893320083618, 0.6425252556800842, 0.6341000199317932, 0.6272346377372742, 0.6236003637313843, 0.6085743308067322, 0.6148630380630493], 

'accuracy': [0.3085249960422516, 0.4416249990463257, 0.5030249953269958, 0.5561500191688538, 0.5900750160217285, 0.6169250011444092, 0.6412249803543091, 0.6561750173568726, 0.6719250082969666, 0.6819999814033508, 0.6929749846458435, 0.6986500024795532, 0.7053750157356262, 0.7139250040054321, 0.7178500294685364, 0.7267500162124634, 0.7267249822616577, 0.7336999773979187, 0.7632750272750854, 0.7707250118255615, 0.777400016784668, 0.7784000039100647, 0.7845249772071838, 0.78472501039505, 0.7839499711990356, 0.7873499989509583, 0.7896749973297119, 0.7909749746322632, 0.7946249842643738, 0.7909749746322632],

 'val_loss': [1.4928520917892456, 1.266648292541504, 1.1396881341934204, 1.047370195388794, 0.9644524455070496, 0.9255126118659973, 0.913001537322998, 0.8164393305778503, 0.8388482332229614, 0.7725056409835815, 0.7670073509216309, 0.7760320901870728, 0.7823131084442139, 0.7167336344718933, 0.6627227663993835, 0.7346540689468384, 0.74198317527771, 0.7168834209442139, 0.6196821928024292, 0.618810772895813, 0.6319048404693604, 0.6456923484802246, 0.6085500121116638, 0.5976945161819458, 0.6372219920158386, 0.5957486629486084, 0.5906437635421753, 0.5772889852523804, 0.5829483866691589, 0.596427857875824], 

'val_accuracy': [0.4659999907016754, 0.5406000018119812, 0.6014000177383423, 0.6248000264167786, 0.6711999773979187, 0.6876999735832214, 0.6830999851226807, 0.7200999855995178, 0.7175999879837036, 0.7372999787330627, 0.7426000237464905, 0.7383000254631042, 0.7340999841690063, 0.757099986076355, 0.7777000069618225, 0.7578999996185303, 0.7440999746322632, 0.7594000101089478, 0.7889999747276306, 0.7914999723434448, 0.78329998254776, 0.7795000076293945, 0.7910000085830688, 0.7946000099182129, 0.78329998254776, 0.7962999939918518, 0.796500027179718, 0.8012999892234802, 0.8015000224113464, 0.7978000044822693], 

'lr': [0.001, 0.001, 0.001, 0.001, 0.001, 0.001, 0.001, 0.001, 0.001, 0.001, 0.001, 0.001, 0.001, 0.001, 0.001, 0.001, 0.001, 0.001, 0.00020000001, 0.00020000001, 0.00020000001, 0.00020000001, 0.00020000001, 0.00020000001, 0.00020000001, 0.00020000001, 0.00020000001, 0.00020000001, 0.00020000001, 0.00020000001]}